501.66929999999996
342.17269999999996
505.7864
341.4133
507.9041
333.4976
507.7424
392.6925
383.39009999999996
409.9486
358.0959
326.1753
373.04339999999996
480.00239999999997
378.7536
500.48440000000005
486.16540000000003
421.9515
489.8538
474.7628
448.5335
322.9431
381.5046
369.5348
488.2498
389.8311
394.3116
386.83719999999994
371.36339999999996
482.65369999999996
422.81239999999997
434.2718
431.13019999999995
374.76439999999997
379.49809999999997
384.7674
444.61139999999995
328.49339999999995
471.6871
438.95369999999997
326.22520000000003
385.9794
386.1459
427.6439
318.46410000000003
325.8936
497.4688
369.3074
427.50329999999997
406.8848
478.441
447.1573
354.3529
483.7962
444.92460000000005
453.9724
492.97589999999997
425.11179999999996
320.488
486.2685
322.066
386.94609999999994
398.91869999999994
365.6329
488.1293
436.28929999999997
415.2063
480.0728
498.4262
496.9522
406.43839999999994
416.6656
326.6101
504.83680000000004
383.8452
462.6438
338.60970000000003
447.07099999999997
438.4277
367.97049999999996
387.50739999999996
382.5134
382.80019999999996
342.0225
420.1154
491.3706
372.9685
398.33889999999997
365.3364
406.2009
382.36379999999997
411.48589999999996
460.00910000000005
363.34959999999995
429.15209999999996
425.194
456.58179999999993
398.8274
434.69570000000004
433.858
852.1299
1238.4899
875.3802999999999
1397.9674
1127.4474
735.8175999999999
1109.5567999999998
1230.1902
846.0506999999999
1101.9762
798.4842
1230.3071
1217.2795999999998
1250.703
1264.0263
1173.5864000000001
882.0447999999999
793.1898
1049.3807
809.9295
1360.481
1291.3465999999999
891.8868
1137.4729
816.9857
1313.0180999999998
816.2737999999999
840.4260999999999
721.0008999999999
863.3674
1172.8303999999998
964.0921999999999
1041.7133999999999
914.6861
1110.2577999999999
790.9173999999999
952.6671999999999
1174.9365
1172.1959
941.6884
820.4481
960.6331
1063.1603
847.4297
1053.9872
1164.2889
1348.5927
1272.8057
935.9481000000001
1160.567
926.4843
1251.9649
1004.9837
1195.3325
1049.367
908.8204000000001
1153.6203
1016.0944999999999
817.0268999999998
789.6479
1099.9158
680.6745999999999
1075.9922
904.5168999999999
1182.5743
1179.1093999999998
789.3818999999999
801.9611
1361.6036
560.7837999999999
757.4325
973.1697
881.5248999999999
975.678
1038.0543
1189.2799999999997
1262.4082
829.788
742.0133
807.9495999999999
1228.0771
1042.9979
930.7339
1377.5257000000001
1078.521
894.5273
839.1803
939.9598
873.9458
1195.2914
1264.2849
1100.9299999999998
988.4563
708.2139
649.9577999999999
1076.3958
1040.6988
703.7183
720.4531
923.5206999999999
1872.9955
1526.9616
1590.2628999999997
1149.5975
1317.2408
1806.8735
1268.0876
1079.8428999999999
1253.5008999999998
1557.339
1390.8623
1312.1932
1348.0606
1227.7357
1832.7719
1543.4485
1619.395
1239.5405999999998
1477.9663
1428.8956999999998
1158.0331
1422.5946999999999
1951.8523
1808.2658999999999
1607.3192999999999
1157.0211
1310.4427
1713.2541999999999
1190.3814
1804.1720999999998
813.5091
1393.2289
1241.5835
1629.0761
1115.3953
1865.7774
1231.5104999999999
1465.1741
1490.7968
1351.1378
1249.3452999999997
1298.2329
954.9928
1411.2714
1600.2785
1587.0419000000002
1575.9601
2032.5666
1540.9901
1624.3235
1396.7952999999998
1320.9010999999998
1578.0701
1546.2475
1840.6126
1188.0951
1311.0229
1018.9357
1446.5124999999998
1292.9937
1531.6366
1695.4110999999998
1681.8632
1379.7638
1669.9494
1731.9316999999999
1574.3269
1324.4477
1452.5119
1752.9605000000001
1475.9876
1625.1844999999998
1346.111
1202.4352999999999
1020.9687
1099.7893
1704.4663999999998
1306.8687
1387.8575
1102.5337
1724.7781
1232.2939000000001
1452.5928999999999
1843.504
1457.0814999999998
1582.4424
1914.671
1133.3011
1851.6516
1245.0286
1621.197
1598.3017
1712.9209
1869.2514
1197.3214999999998
1352.9166
1160.6887
2119.3111
1557.9383
1761.2586000000001
1265.3193999999999
1038.399
1205.181
993.1248999999999
1128.8171
871.2333
936.2787999999999
1257.3247
1174.5751
1294.0556000000001
1082.0406
1121.1347
1050.6942
1098.7074
1047.8519999999999
927.4389
1082.0012
821.9667
1028.8806
978.9035000000001
1257.6021999999998
897.0953999999999
916.4666
1177.2604999999999
1238.9194
1070.693
1209.5727
1296.5303999999999
988.9844999999999
1027.6970999999999
716.0802999999999
834.9824
880.0402
1457.1773
1166.0527
915.5068
869.3899999999999
797.4610999999999
1047.8194999999998
1120.0227
787.8078
902.3303
1157.4036
1239.6686
969.3864000000001
1033.0828
1190.6272
791.5432999999999
989.6245999999999
1136.5223999999998
1378.2454
1104.5519
878.7555
1133.3749999999998
816.6508
847.7547
1185.0966
1247.1882
785.4839999999999
808.6793
861.3727000000001
1014.5125
1453.3573
1200.7328
753.5172
1329.8366
1274.1374999999998
998.1386
839.2576
1083.9301
1069.6008000000002
990.7809
1257.0855000000001
1127.3898
1217.2249
1084.7226
1192.6079
806.2863
904.4331
1173.7223000000001
874.3595
1080.5593999999999
1189.5583000000001
777.8869
1200.6622
983.8334
1452.7156
715.9295
941.4156
1155.2658999999999
874.9558
1057.4042
939.0957999999999
1142.9239
1407.6227000000001
1127.8102999999999
1182.3980000000001
1019.1578
1147.9196
1328.8869
1169.2411
832.7461
1066.2111
1183.8511
915.0761
713.7661
1056.9211
981.8661
658.8711000000001
1221.7111
881.7411
1051.6961000000001
950.4411
1000.0110999999999
929.8111
729.7011
1346.1061
657.8261
1309.1261
609.6410999999999
1075.2460999999998
710.1261
856.1610999999999
948.4761
851.9661
892.2761
1228.1511
873.7911
586.6510999999999
1334.1761
613.7861
912.4061
1063.3361
1067.5061
771.6761
1428.9911
884.4210999999999
999.8411
877.1711
997.3211
1065.9861
1074.7060999999999
778.7911
776.0011
696.1261
1217.1961000000001
710.7261
915.3210999999999
1260.0661
797.1711
584.3671999999999
586.8229
647.5886
792.056
1069.8901
815.6134999999999
989.961
1019.9587
680.3005
765.5029
1051.1362
1039.104
918.1922999999999
874.5959999999999
1244.0623999999998
725.9993999999999
1083.7177
1060.3238999999999
1103.8075
588.873
912.2204999999999
928.0173
1078.4216000000001
967.9263999999998
927.2683999999999
1148.7068
1044.317
1211.8544000000002
1144.3891999999998
668.1797999999999
797.3761999999999
879.9453
585.4431999999999
620.9313
1070.7821
899.0035999999999
1249.8852
1007.7523999999999
873.4564999999999
1278.3319999999999
683.8187
705.5434
708.2038
998.8186000000001
691.4644
597.7565
1030.4954
896.7238
1098.7142
1054.8899
1003.4295999999999
987.6227
828.024
545.3139
1009.8310999999999
540.9582
1152.0273
780.8113000000001
981.7625999999999
752.168
923.5
848.2043000000001
805.2527
659.909
570.4238
956.3396
948.9943
1181.5554
945.1095
693.9078
1132.3862
1087.3788
1144.9474
662.3598
740.4978
656.1887
791.5369
804.1368
1152.4131
633.5116
812.5668999999999
1001.3738
830.2621999999999
868.7937999999999
608.2707
806.5561
1288.2854
619.2601
1089.4107
779.7856
842.7348
977.1247
867.8865000000001
509.2263
686.073
651.7262000000001
1095.0991000000001
1144.1734000000001
669.5047999999999
1130.1476
1128.4238
950.3881999999999
1041.5584
1216.8201
968.3508999999999
644.4931
861.4407000000001
861.0876000000001
1031.8732
1059.465
943.4567
1088.5484
1044.5889
820.5056999999999
1090.3006
880.7248
779.341
717.4793999999999
1016.2199999999999
1184.3734
750.5642
724.9706999999999
891.2806999999998
1289.8931
1023.6315000000001
885.8149
1191.3387
858.8938
1128.069
740.0111999999999
814.9621000000001
958.3711999999999
732.5852
726.5731
951.8269
1149.8944000000001
1186.0419000000002
1042.73
908.3951
1160.9114
1247.1442000000002
1064.8564999999999
1085.9507
1280.8108
919.3626
1097.0593999999999
1098.804
1140.3923
832.3228
997.0455000000001
1185.7968
835.3091
1313.3606
1064.0515
702.9367
1075.4837
879.2679999999999
707.1659999999999
808.6288999999999
1161.0268999999998
946.3652000000001
1077.1772
924.8087
1255.6045
1078.5641999999998
915.403
897.4799
1034.3464999999999
1136.4323
791.3251999999999
1284.2869
614.9315999999999
1051.3953
652.7448999999999
1013.5476
1033.5547
1212.8856999999998
812.0946999999999
1282.2126
859.6384
848.0508
826.8100999999999
893.94
1128.2979
1014.384
807.5916
1202.593
1076.2421
878.3246999999999
1232.5475000000001
651.1769999999999
1002.2483000000001
833.9206999999999
1049.5284
1094.4655
924.3515
774.6495
1124.3197
1128.9062
822.3748999999999
1472.3730999999998
1538.6598
1693.9788
1526.0515
1688.8389
1816.3941
1611.3258
1784.623
1549.5869000000002
1757.246
1734.4127
1702.2541999999999
1632.9433999999999
1820.8484000000003
1807.301
1723.1547
1694.9470999999999
1615.3778
1641.9206
1783.9202
1712.3484
1605.2398
1494.5158999999999
1743.8366
1599.483
1728.5617000000002
1522.3042
1632.6017000000002
1553.0959
1636.6254
1761.5706
1576.7443
1708.5886999999998
1772.8375999999998
1581.083
1797.7417
1547.1484999999998
1752.8383
1945.1344
1545.3984
1554.6733
1743.6465999999998
1734.9044
1530.3852
1583.7257
1840.9795
1679.8603
1798.3382000000001
1775.1752000000001
1687.0989000000002
1580.5396999999998
1730.3532
1541.5850999999998
1640.5375
1784.7940999999998
1809.9274999999998
1696.3435000000002
1553.0942
1605.5509
1530.3171999999997
1729.8418
1711.0423
1749.8927999999999
1696.8033
1751.1716000000001
1839.9353999999998
1739.9497999999999
1638.6805999999997
1854.813
1554.1967
1732.2565
1535.5245
1662.4988
1811.3119000000002
1838.1549999999997
1656.6045
1561.5295
1594.9380999999998
1745.7878
1592.3473
1754.7815
1430.8708000000001
1606.7979999999998
1920.4867
1482.9660999999999
1479.3980000000001
1794.5919000000001
1452.0054
1574.6644000000001
1595.2168
1576.6311
1639.3876
1745.7621
1625.2771
1662.1435999999999
1641.1873
1818.192
1533.5457
1514.1161
1724.1644000000001
1498.8185
1235.5434
1028.1738
2075.9798
1193.5969
911.1544
1275.4395
1353.8325
787.7701999999999
1391.6253
1868.9769999999999
1546.4431
1687.2921000000001
1643.9658
1485.1322
1869.5416
1570.2903000000001
1813.3108
2067.4637000000002
1612.8007999999998
1429.8236
1870.2941999999998
1604.7403999999997
1714.3412999999998
1439.1858
1244.5919
1394.0677
952.7537
1876.3778
1432.1272
2061.7308
1520.9875
1663.9892
866.0973
1367.7923
1921.3963999999999
809.1969
1805.946
1389.5061999999998
545.5415
1832.8939
1602.5199
1274.8244999999997
774.8151
1229.6788999999999
1630.4301
2210.9224
935.9483
1837.9343999999999
1654.1659
1680.4960999999998
1123.9267
1390.7623999999998
1815.0299999999997
1621.5174
1140.6637999999998
1336.4926999999998
1829.3366999999998
1202.1958
2338.0573
1368.385
1211.0212
654.1886
382.5647
1272.4670999999998
1044.2196
1242.855
2088.642
1516.6828
975.4725
1564.7024999999999
1398.4078
1184.3997
601.4448
1343.1916
1424.7232
1421.6961999999999
1569.1071000000002
815.6342999999999
1346.3476
1282.6974999999998
1128.6372000000001
1522.997
1468.554
659.7153000000001
1631.914
1148.0342
1475.313
1052.8207
2049.1261999999997
1784.4546
1094.3452
1415.8799
1284.9449
1359.0471
1735.7803
2070.4219
1093.2136999999998
830.1723
1006.6321
1439.6579
1837.9223
1812.2345
2028.9373999999998
2037.6847
1844.0585999999998
1934.0667000000003
1655.7264999999998
1339.2667999999999
1736.2702
1498.2368
959.0524
1155.5348999999999
1205.7313
1432.4262999999999
1327.8583999999998
1554.2365
1301.2593
1319.2138
1597.0704999999998
1055.2474
1468.8404
1472.321
1159.1988000000001
969.7209
1749.0914999999998
1202.7541999999999
1416.5321000000001
1367.245
1733.1419999999998
755.5745
1199.9023
1307.2196
869.4672999999999
740.0788
1509.7033000000001
1148.7269999999999
1001.2371
1986.2802
1001.8095
876.6008
1160.6667
933.4576
1730.1577
1104.8829999999998
2014.9337999999998
1802.3896
1110.0052
911.5282
1502.0636
1500.0830999999998
1402.0575
1752.4773
1757.8117999999997
1290.1223
737.4997
1336.3734
825.1955
1303.6009999999999
1624.2226999999998
2060.0432
891.3873999999998
690.3906999999999
1377.243
1585.1401999999998
1248.6768
965.6265
1404.0447
1347.0926
1753.2477
1666.9076
2293.8717
1001.8157
1793.8026
1157.0754
1375.7742
1595.4077
2323.0392
1776.2378
1818.1181
1113.1386
2150.2423
1709.5997
1630.4045999999998
1808.8739
1441.4202
696.6281
815.9651
952.0912000000001
1504.8348999999998
1982.2930999999999
1680.3055
1293.4641
1119.0337
1106.1869000000002
1255.4818
1617.1698000000001
1757.2604
1072.8343
1576.6385999999998
1403.2368
1295.6912
2074.5848
1271.6358
1044.9486
1743.694
1486.1696
1790.6233
1497.7768999999998
1982.5741999999998
1352.1753
1528.4344999999998
1983.6484
1441.6399999999999
1980.3301999999999
1888.4212
1921.3034
1996.3432
1621.5471000000002
1173.828
915.4531
2004.2371
1754.8695000000002
1820.7354
1097.9108999999999
1757.5598999999997
1138.1971
685.1718000000001
1231.1553999999999
1652.2372
1243.6882
1233.4016
1373.2636
1681.3265
2007.6722
1356.2331
1669.5915
1873.2289
2040.7971
1718.7451999999998
1469.8437
1414.8164000000002
1727.0313
1213.1965
1946.3588
1503.8046
1031.4694
1627.3052999999998
1982.6773
1999.1907999999999
797.3481
828.7085999999999
1942.0124
1808.9623000000001
1541.8238
2253.5436999999997
1344.7865
2301.9019
1378.952
2121.8112
1332.0526999999997
1864.239
882.7186
1459.7631999999999
1789.9651000000001
1615.8061
1066.0381
1528.4407
1134.3107
1745.8607000000002
1567.2549
997.1765999999999
1425.0919
1987.4802
876.0905999999999
1401.947
1836.9337999999998
2067.8205
1708.6434
1119.6628
839.3844
1044.0594
824.5096
1272.7186
1572.7262999999998
922.3224
1594.3710999999998
1081.6275
1235.1154
1502.2115
1500.0338000000002
865.7482
2075.0910999999996
1358.1039
1061.2446
1333.6093999999998
732.1647
1482.3519999999999
1068.1927
1572.444
918.9592
1503.5322999999999
961.4262999999999
2345.0301999999997
1422.4094999999998
1353.3442
1608.9265999999998
1752.652
1056.1261
1950.8292000000001
1913.4629
1209.4989999999998
1180.2425999999998
1503.921
1668.6439
1022.0509
1555.6693
1508.2393
1921.8896
1365.0596
1509.8710999999998
1507.8157
985.2089
1298.9324
1365.0088
1467.5075000000002
1257.0538
1620.1529
1615.7514999999999
1108.8945999999999
1651.6833
1354.8112999999998
1452.4072
1413.1592
1224.9472
694.4169999999999
1147.0879
1796.5077999999999
1862.6834
1038.9814
2026.8921
1098.4257
1238.4767
1443.8953999999999
1421.8852000000002
1619.5156
641.3325
1138.4399999999998
1967.4202
1583.2113
1103.106
1123.3685999999998
1725.764
1182.8335
1642.1565999999998
1989.1163999999999
1475.9125
1202.4657
1030.7627
1940.5567
1640.7781
1537.1375
1835.1943
1544.898
1535.2541
1493.5821
1623.4288999999999
886.4218000000001
1960.7457
1442.9569999999999
1260.8854999999999
1331.5844
2225.2182000000003
901.4084
1628.8067
1305.6315
2055.7842
1653.1403
1454.3146000000002
1405.9343
1208.2935
2054.7752
1512.5841999999998
1129.4158
910.7391
1354.3916
1147.4274
1247.3087
1657.3725
1726.9793999999997
1324.1104
1109.3906
1299.2767999999999
990.5164
1295.1246999999998
1242.5113999999999
1498.1216
1854.2858999999999
1829.1755
1018.5362
1419.8618
1401.5836
496.8965
2115.0913
1395.8029999999999
1397.8838
1677.5039000000002
1533.3011999999999
1726.2417
986.0407
752.3595999999999
1273.2725999999998
835.1315999999999
1831.9308
1682.8510999999999
1690.9773
628.7633
1388.8783
1449.9215
1361.8878
1588.1563999999998
1529.5369
1349.5356000000002
1895.5783999999999
1202.5714
1478.2145
1440.9000999999998
1414.7037
2014.5492
1999.3653
785.1859
1848.5944
745.764
1502.5524999999998
1699.1410999999998
1596.8157
872.2664
1277.8415
1333.7133
1147.6882999999998
1876.8335
1030.3295999999998
1426.8065
1505.992
1889.2086
2035.6383
1904.3136
1569.4805
1348.971
1227.6344000000001
1488.6957
1210.6217
1482.8314
1346.1913
826.8501999999999
986.0003999999999
1413.6848
1060.1158
2046.6504999999997
1105.8081
1747.4853
654.9045
1637.5732
1590.5974
2005.4736999999998
1888.0997
658.5620000000001
1010.8717999999999
1790.5982000000001
772.8528
1213.6169
1588.9121
1267.2825
1759.4635
1264.4081999999999
2040.5178
1216.4946
1439.416
896.5012
1471.6382
1207.8916
1230.0131999999999
1407.9467
1466.2832999999998
1469.3133
663.2746
1162.2528999999997
841.4095
1572.6744
1478.2510000000002
815.6133
1326.3582999999999
789.192
1047.7837
1197.696
1756.4651
1682.7235
2032.9285999999997
1808.4622
1328.2825
1835.2275
1851.027
1101.9912
1430.0737
841.7194
1099.022
1742.6801
1213.0672
1863.0881
1705.3037
1729.9843
783.3188999999999
1488.0202
1319.509
1672.7525
1519.0529000000001
1861.1736
1284.2094
1409.9432000000002
872.4768999999999
1448.7581
1327.7183
1143.9309
1471.2376
1232.3986
1850.1886
1774.7433
1055.9882
1150.8233
1526.6178
839.9874
1829.0532
1214.6593
1013.2624
1568.5059999999999
1282.6542
1789.7554
1344.9285
602.5378000000001
1235.8665
1454.8307
2050.7545999999998
1687.8262
1759.048
1165.6127000000001
1489.1661000000001
1692.434
1740.5044
1325.2541
1243.2296999999999
1758.4535
1393.0513
1748.2887
1387.2768
1752.7984
2237.5406
2297.0719
1711.7702
1185.3028
858.251
1157.5185
1171.4596000000001
1441.5617
1117.2404999999999
1957.6414
1413.4787000000001
944.5455999999999
1312.2507
1520.5863000000002
1465.9235999999999
1270.0031999999999
1061.3198
1463.4986
1308.7469
883.7867
1329.7177000000001
1121.0381
1258.0684
1266.3263000000002
1227.3176
1649.0517
1202.5439999999999
1362.2205999999999
1383.0766999999998
1153.4163
1414.3376
1850.5502999999999
833.0350999999999
1446.5347
979.1609000000001
737.0236
1094.773
1054.3455
1330.9661999999998
1044.4522
1884.1577
1377.6942
1364.9726
1024.7903
1790.0128
1213.7942999999998
1498.3915
1246.7418
1521.7132000000001
2352.3410000000003
1797.4376
1420.3753000000002
1304.0820999999996
770.4980999999999
1609.0149999999999
1278.4789
1483.8073
1137.0108
1822.4229
1596.1939
1547.598
1270.1100999999999
1517.1371
1041.8646999999999
1878.8020999999999
2108.0726
2201.2183
1238.1365
1372.4941
1531.7449
1396.1358999999998
1548.2995
860.0581999999999
1962.0258999999999
1278.9319
1589.4054999999998
1390.1718999999998
1110.8663
1657.4313000000002
1508.5612999999998
1323.6172
1827.3975
1396.0522
1783.4744
841.6326
1344.3862
1953.9126999999999
1397.4487
1515.7473999999997
2057.1953999999996
1398.5252
1306.1275
1862.6643
1303.9124000000002
1585.0188000000003
1245.2787
1527.0617
1459.2951999999998
1760.0149
1019.0992
841.1854999999999
1611.6008000000002
1377.8073
1404.1791999999998
544.8994
1267.5085
994.0495
985.0736999999999
1719.6564999999998
1075.2718
1766.8171
1766.3817999999999
2049.3450000000003
1209.2206
1851.4624000000001
1472.9066
1197.1903
1340.5265
1698.9797999999998
1342.6129
1655.8229
1669.7611000000002
1440.2750999999998
770.335
1376.3969000000002
1470.8849
1182.5819999999999
1266.2374
1763.0344999999998
1612.7356
1219.7257
1508.2450999999999
1222.4052
1550.6962
1673.1765999999998
936.3325
1883.1281
1273.2741
2026.5293000000001
1006.1807999999999
1642.7124000000001
1318.6525
2304.2558
1264.7692
1203.2871
1792.4121999999998
1607.3071
1382.2406999999998
850.2988
1311.9033
2031.9274
1630.8456
1921.6879
1189.348
613.7547999999999
1735.8057000000001
1055.1779000000001
1123.1357
1314.4265
1895.4266999999998
1159.0714
1378.5147000000002
1570.5966999999998
1241.0895999999998
885.2671999999999
1397.5073
1143.1266
1342.0203000000001
1576.3965
1187.5958999999998
1077.8498
1297.9947000000002
1318.0434999999998
1719.6660000000002
1794.8685999999998
2132.6477999999997
1294.7087000000001
1110.67
1095.2241
1422.2682
1682.6742999999997
1450.8678
1532.8357999999998
1579.5379
791.7610999999999
1635.7561
1130.3148
974.2554
1331.9144999999999
1723.2348999999997
1846.3589000000002
1814.3558
1309.5527
1502.9456
941.0126
1376.9358
1871.9838
929.3157000000001
1812.1687
1371.5017
1591.4465
743.6872999999999
721.6275
1389.5557
1218.165
2147.1732
1064.9626
2274.4364
1374.1624000000002
1144.507
1757.0456
1284.8089
1096.0756999999999
2198.4193
1502.4674
757.5542
1194.1585
832.6028999999999
1092.1979000000001
959.0731999999999
1315.1218
1366.9638
1421.4044
1468.3762000000002
776.2555
865.7417
720.7013999999999
1469.8719
1125.9691
1712.5836
1184.8478999999998
2115.3455
1739.9288999999999
471.2032
1660.7840999999999
1007.6014
826.5437000000001
1306.8143
1414.0513999999998
1104.6684
1772.7383999999997
2052.4210999999996
1663.0242
898.7380999999999
600.1989
1207.6502
1261.4402
1441.6932
1295.6314
1295.2241
1946.5302
520.6221
651.264
1896.4807
1496.1248
787.1242
739.9409999999999
1058.0164
1304.3007000000002
1306.5089
1340.2565
1865.0230000000001
642.9536
1438.8817999999999
904.9077
1284.5801000000001
1429.4292999999998
1700.4312
1441.0207
1880.3287
1767.3838
1371.5044
1828.1233
1396.3404
1736.0072
1061.5149
1264.4598
1514.9528999999998
953.3409
1701.6073000000001
1742.4875000000002
1346.4128
1523.5495
1553.3838999999998
1904.4281999999998
1384.0007
1227.6751
1112.2584
1170.4101
1090.9426999999998
1636.2075
1608.5514
1245.3679
1462.5188999999998
2161.7059
2016.6954
2110.9806
599.8328
1257.6623
1156.0013
2144.8441
1275.8325
1096.8491999999999
1527.9097
1048.3928
1802.2678999999998
1970.6918999999998
1774.9994
1676.0058
1516.4786
1124.5887999999998
2296.9314000000004
1643.6817
642.2411
1126.5588
1065.0522
1294.0248
1438.0393
1441.9627999999998
1195.105
1530.052
1287.1299
1682.461
1593.0555
866.9888
1220.7060999999999
1460.1853
988.7087
1317.4315
1772.7667999999999
1138.6595
753.4001999999999
903.2225999999999
1119.8305
1220.2998
1440.4561999999999
1178.1706
1870.7858999999999
1543.7457
811.1415999999999
1677.2026999999998
1327.7394
1396.9811999999997
1176.335
1102.2822999999999
1686.2750999999998
1431.4644
1846.4115
2074.541
1915.1189999999997
1341.1562999999999
1175.5575999999999
1271.1373999999998
1648.0312
1297.0747000000001
1554.8716
1640.4115000000002
929.4128
1551.7653
1708.0013999999999
1693.1475
1567.004
1196.3813
1214.9749000000002
1170.2285
987.204
1728.8103999999998
811.985
473.568
1114.6448
703.6352999999999
1340.6163999999999
1131.1726999999998
1051.7662
944.4088999999999
1003.7980999999999
1465.8058999999998
1315.4984
767.0696
1356.4616999999998
1430.8643
1029.6031
1672.5443
1858.5166
1317.6604
1700.2273
560.2433
1458.4104
1429.9497
1017.5316
1209.596
1285.3666
1320.5410000000002
1951.0279999999998
1640.1961
1432.5923000000003
827.2747999999999
1899.6627
1115.2678
1775.9054999999998
1193.6024
1167.8892999999998
1244.3834
1480.0683
810.2455
1126.8780000000002
674.8992999999999
1460.2076
1549.8863999999999
2097.8944
749.507
1995.6351
887.0328999999999
1233.4225999999999
1178.0832
1273.5723
1947.9352
1569.8332
1530.5267
1860.5533
1043.8406
789.9815
1145.3644
1733.4738
1696.4418
1250.7205
1672.4456
2226.6549999999997
1651.7441
958.7945
1420.2139
1800.594
906.1864
1410.3932
1225.3079
1356.1608999999999
1500.7388
1361.3812
1524.3491
1593.9345999999998
1422.7329
1898.7255
1762.5714
1822.4857000000002
1217.0578
963.1872999999999
1439.6777000000002
2074.1844
835.153
1649.752
1045.0576
1094.2658
1455.6855
1460.4989
1787.9047999999998
1188.2855
1254.6927999999998
1327.139
1218.2862
1951.5836
1316.2637
2149.582
679.4237999999999
1492.4634999999998
1345.0475000000001
1459.244
1360.2381
1558.2794
1767.5096999999998
1481.1782
1143.5785999999998
1395.741
1700.9705
1519.2192
634.7741
1719.1567999999997
859.6305
845.8148
1735.8757
1166.4014
1545.7857999999999
851.1542999999999
1918.0002
1768.8742000000002
1988.2189999999998
1920.6875999999997
1251.1903
1522.2244
1697.4949
1959.1426999999999
1721.9003
1401.7575
944.6548999999999
1000.2511999999999
1300.5837999999999
965.2542
1649.1332
1461.0887999999998
1411.7208999999998
1909.8282000000002
1702.8121999999998
1593.0203000000001
1530.6793
1148.7449
2029.5851
1747.0450999999998
2067.9567
710.1217999999999
1161.8125
875.4464
1342.03
1859.74
1786.6577
1634.3654000000001
1736.8004
1528.8213
1280.0589
1392.761
1535.7752
1766.7424
1722.264
1128.1885
1097.1662
879.6462999999999
1739.1424000000002
1441.4011
1515.6282
852.7200999999999
1173.1399999999999
1036.1927
964.2644
1001.8427
1211.5488999999998
598.1666
1212.5100000000002
1203.7540999999999
1614.951
1026.9787
840.0037
1266.4416
1801.0259
855.6910999999999
805.9254999999999
1662.0732
1652.4967
1440.0673
1591.0373
1712.6433
1759.0417
1463.9648
1583.1778
1520.201
1146.6697
1766.7096999999999
1610.7399999999998
1148.3598
886.2377000000001
1215.2273999999998
1245.8111999999999
1317.0396
686.9377999999999
1582.0430000000001
1651.2637
1533.4261999999999
1441.925
1357.8804
1117.9247
1838.5026
1937.5582999999997
1169.9636999999998
1241.7647
1996.9515000000001
933.7873
1050.46
1185.3428
1530.3438999999998
1005.2441
1118.6307000000002
1880.3143
1537.3618
1854.9892
1778.1476
1649.4803000000002
1923.806
1466.3249
1995.6009
1484.341
1642.6138999999998
1452.5278999999998
1143.6779
1831.8982
1465.1994
1372.7138
1409.9981
1450.2015
1771.2115
1268.1447
1133.3710999999998
862.1889999999999
1746.9151
1860.3867999999998
944.318
926.8778
1195.8707
1399.7824
1269.6742
770.2084
816.0288
1628.1118000000001
1699.6907999999999
1520.6972
1518.2986
2267.3289999999997
1940.387
1756.1358
1324.937
1361.4719
1114.6411
1314.6326999999999
1197.5633
1948.0687
845.1541000000001
1346.1305
842.9797
1483.1088999999997
1835.5461
1359.6985
1583.7118
1162.7982
1571.5576999999998
1810.2692
746.7028
1120.0488
1281.1199000000001
1581.8982999999998
1593.6212999999998
1316.6924
957.3869
1450.6541000000002
1492.716
375.85839999999996
829.036
1594.9593999999997
1487.301
1060.0837000000001
1275.8002999999999
1749.1305000000002
817.0505
797.4028999999999
1472.6988
1768.5396
1577.0771
1679.9198000000001
2296.0826
1369.0789
1548.4362999999998
1376.9003
1919.1000000000001
1723.3078
1556.8015999999998
1600.1228
1866.6518999999998
795.9946
1528.1763
1039.2084
1527.4588999999999
1607.3584
989.9367
1402.197
1441.6958999999997
1385.1565
973.6065
1455.5814
1939.7197
1400.7766
1069.231
1199.2016
1266.2329
1346.8125
1823.386
1673.7397999999998
719.1509
435.5311
913.1226
1445.1213000000002
1804.7548
1830.2561
1416.7201
1260.3584999999998
2127.4166
2040.393
1806.6664999999998
876.8715
1709.1577000000002
1569.6680000000001
1582.2601
1991.3608
1872.2078999999999
1070.1122
1927.6263
1234.3886
1110.166
1155.8183999999999
1058.0337
1363.0558
1605.6477
1705.6567
1040.4195
1537.0926
552.23
1788.5873000000001
1447.0077999999999
1426.5785
647.4236
931.8773999999999
1786.0394999999999
1755.3051
1940.8842
1133.0347
2069.6272
1220.6869
904.4386999999999
1655.4384
1438.4782
1015.8349000000001
835.8598
1029.2159
1696.7387999999996
1802.638
1166.3145
664.703
1227.2741999999998
876.5402
1062.3762000000002
2007.6218
1268.8493999999998
1398.8482000000001
1163.5650999999998
1437.5855999999999
1448.7041
1648.0145
978.4522
1249.4479999999999
1971.7518
1809.6965
603.3428
2250.4428
1537.7042
1765.6431
2080.9476000000004
920.9911999999999
1116.8876
737.7467999999999
1572.3192999999999
1858.0992999999999
915.8833
1242.5929999999998
1966.6607999999999
704.6559
971.1423
929.4553999999999
1554.8988
1566.3572
1749.6958999999997
1092.4203
1290.1409
1235.7767999999999
1332.943
1894.8494
920.2527
1744.3174
1176.1426
1572.7416
795.8154
1519.1356
1790.0576999999998
1706.5916
1811.7566
1004.2990999999998
1529.4132
1153.4886
1879.2105999999999
1452.8729999999998
1505.1209
1800.5126999999998
851.2085999999999
944.7726
1113.99
1003.7697000000001
1142.4839
1223.1662999999999
1605.4284
1436.6529
1334.1480999999999
1234.2991
1300.645
1337.0879
1404.5548000000001
1717.114
1243.4524000000001
1784.3620999999998
1665.3516
1819.2193
1458.4403
1163.7727
1324.9375
1951.4049
1642.9580999999998
1015.5332
1466.9104
1862.3165
1561.9863
1420.1187
1398.0138
1675.2482999999997
1341.5428
1376.9633
1638.9744
1903.5007999999998
1036.6112
1308.7818
1051.8800999999999
1898.4973
1655.9181999999998
634.0405000000001
1454.8164
2161.2091
2199.4709
1171.7480999999998
1120.4528
867.8253
1093.0708
2025.4948
1276.3457999999998
1512.4738
1169.0432999999998
851.2997
1199.3232
1697.8389000000002
1115.2233
1661.2855
1284.3195999999998
565.3969999999999
1030.8173
1665.4977
1815.0763
1387.9029
1443.4344999999998
2027.5578999999998
1106.2208
1308.7699
1560.8557
1642.107
1293.6725
1678.0082
1180.5501
1721.4146
1224.3659
1516.4225000000001
1339.3266999999998
1238.5094
982.4450999999999
832.3524
1511.5912
961.2459000000001
1842.3582000000001
1012.1751999999999
1124.2493
1612.3892
1509.5962
1172.3522
1155.5205999999998
1978.9304000000002
864.8621999999999
2193.7178
1110.1769
893.7398000000001
1505.0875
1107.7215999999999
1603.1015
2098.3649
1157.4866
2102.2835
1845.1657
1720.4443
894.5788
639.5591
999.1813000000001
1285.0882000000001
1571.3869
902.0577
1808.683
1986.5158999999999
1082.9863999999998
1740.0566
841.2718
714.8749
1460.0639999999999
885.9388
389.8315
1018.6924
1560.9323
1584.8928999999998
1838.0384
2070.1138
1558.2813
1710.9447999999998
1894.4178000000002
1422.4625
1409.4736
1810.5486
1079.5558999999998
1350.0095999999999
1538.8772
2023.4304000000002
1390.1298999999997
1860.4735
1111.5955
1640.3528
1377.9067
1218.4178
1178.4701
934.3430999999999
2289.4785
999.0518
1519.5405999999998
2159.9601
892.6073
1706.4092
380.80219999999997
2173.2541
1028.2993999999999
1885.5142999999998
1595.2024
920.1310000000001
1741.2802
2118.8885
1408.3836
1651.0421999999999
801.1696999999999
1490.7519000000002
1608.7948999999999
1288.8854999999999
1103.9469
2151.2339
931.9801
1661.6418999999999
1443.5894
1294.0913
447.60159999999996
1911.9233
634.7039
511.0484
1421.9618999999998
1076.8524
1834.6503
1441.2298999999998
1753.026
1989.6868
1422.0762
1275.4144000000001
1744.4084
1141.3097
1033.5144
1700.1103
949.3189
1453.6684999999998
1057.5175
1289.3357999999998
1510.2289
1942.9689
1592.9946
828.5418
1393.1961000000001
1248.3997
1762.6632
1028.9168
859.0491
1197.3544
1184.2487
1375.4627999999998
1143.7691
1586.6798
1269.7291
1640.5562
1042.4651
1683.7572999999998
836.3513999999999
1882.0588
1775.9162999999999
1799.4157
1021.1791000000001
1278.1226
966.9831999999999
1843.2189
1407.3419
863.5648
1738.3814
995.8258999999999
1030.9447
736.9848
1033.7509
577.3262
1852.9216000000001
2089.2798000000003
1470.5646
1404.1924999999999
1247.0234
763.8408999999999
1364.6346
1718.8589000000002
1209.5839
656.0998
1404.3344
1512.9697
638.8774
1151.5541
884.2171
1011.9924999999998
1106.3237
1727.6543
1041.8161
726.5891999999999
1040.0852
2246.6512
1544.6320999999998
1743.6526
2140.3138
1280.5853
1376.0974
2165.6259
1201.6417999999999
1035.6777
1138.9829
1671.1951
1274.456
1753.4095000000002
1073.5452999999998
1624.4876
1653.6949
1493.0097999999998
992.2299
2065.5762
1622.8058
1377.97
1844.6596
1249.2357
1124.9017
1702.8581
1316.7222
1159.947
1646.7626
1889.4782999999998
1294.1704
691.6505
1470.7807
1014.2369
1011.5859999999999
463.6789
1331.5277999999998
2029.3491
1618.7754
1294.8782999999999
1317.1255
1711.8099
1753.1091999999999
1358.742
994.2729
1371.2403
769.3327
1994.1582000000003
1608.8082000000002
1169.2154
1613.6174
1169.5352
1794.5753
1745.5438
1574.4373
823.1896999999999
1028.8442
1689.967
2213.2395
1433.491
1094.8618
1338.9311
1125.3181
1190.5977
2206.9399
1525.2299
1848.0846000000001
1546.4224
1041.1245
1758.6905000000002
1205.1194
1660.3382
1172.8093999999999
1595.3496
954.1215
1144.4402
1379.6979000000001
1582.7612
1496.4162000000001
1351.4560000000001
1565.0414
1282.1227
942.6589
1043.6832
1847.4065999999998
1953.4671
1455.826
1312.8883
1279.6425
1504.5423
896.12
1717.2175
868.4277999999999
1787.44
958.7630999999999
1428.8869999999997
825.9147
1425.1194999999998
948.3874000000001
753.5958
497.1308
1946.6244000000002
1779.3593999999998
808.2969
1177.2098
1970.4613
1950.737
1269.9453999999998
2084.9321
1343.9738000000002
1750.3675
1371.6117
1388.3444
1955.6637999999998
1176.1888999999999
767.3388
1846.7647
1480.8883
1454.2278000000001
1548.1100999999999
2104.9753
1563.9826
1421.5678
1811.1773
1475.1517
1259.2002
1363.1516
1111.3163
1521.2743
1331.0316
2246.7231
1607.0724
1516.7129
1641.2509
1950.4389
1241.2961
2240.3984
1155.0650999999998
1452.6801999999998
1429.6998
1564.9933
1877.6688999999997
721.0986
1280.3962999999999
1142.5148
2343.272
1784.7959
1112.5665999999999
1767.647
1804.8688
1818.5711999999999
1554.4855000000002
1071.6303
1044.1348
1647.8386999999998
643.2181999999999
2343.5355999999997
2031.4002999999998
2252.6236999999996
1782.7957000000001
1498.9586
1643.44
1580.1876000000002
2089.1812
494.75149999999996
1866.4451
1246.7033999999999
1061.7530000000002
2106.3453
1519.2960999999998
1186.6007
1769.1229999999998
1883.7471
1396.1613
1535.8874
1492.0072
1464.8828999999998
1595.7392
935.1909
1452.0328
1134.9495
1151.4094999999998
777.3671
790.5546999999999
746.2425
1439.1385
706.7835
1423.8928999999998
909.6564
1614.3507
1756.8308
1784.1743999999999
1746.7744
1950.5277
1555.5122
1248.8128
1614.3834
2073.9609
950.5545
756.9476999999999
1256.3833
1482.1590999999999
1890.9573
1596.9974000000002
1837.6345000000001
844.8806
699.8745
1888.5686
963.4095
1948.3513
1042.2645
2248.4959
1250.709
1655.9266
1267.7576
1220.1792
1254.6227
1484.4387
2209.2498
1256.8056
1797.3654999999999
1456.3984
1353.8447999999999
1439.3093
1560.3076
2177.9037
1539.7224999999999
1607.5602
998.8949
1969.5735
1071.4653
839.6757
1329.4942999999998
1197.3686
1379.2903999999999
1044.4685
1212.0709
1363.6095999999998
1900.2881
1490.0718
1497.5506
1282.8777
1262.2889
1469.0822
639.6779999999999
1457.5915
1402.5524
2267.9296999999997
2041.3721
756.6873
867.4186999999998
1415.2372999999998
2119.5741
891.1194
1991.1882999999998
845.9370999999999
1239.7541999999999
1266.9198000000001
898.5708999999999
1963.7432
1626.0805
922.0
1683.7595999999999
1657.5261
1397.027
1071.73
871.9059
1724.0517
1649.3267
2175.3076
1612.8636999999999
1597.9364
1810.4186
1161.5692
1901.4283
1929.013
1379.6366
1850.3854
580.7281
1867.8539999999998
1263.9268
1941.8555
705.7576
802.1052
2019.1679
1811.6817999999998
1419.5403
1025.8776
1454.878
2112.1070999999997
1895.3141999999998
1339.8114
1479.3677
1732.0713
1175.3023999999998
1570.3648999999998
1676.2802
1349.0171
1209.4703999999997
1117.7667999999999
899.3252
1579.8858
1819.2332
1458.5758
1770.243
1976.8907
2263.0375
1409.3723
1474.2633
1007.0826999999999
1133.2998
1426.9999
818.1514000000001
1426.8139
1254.9576
1873.6965
940.6948
1675.212
1719.3716
1766.6446999999998
1548.4524999999999
1243.1527
1796.6832
628.2311
834.2678
847.0412
1394.5749
962.9859
1925.6943999999999
1579.4061000000002
1852.8129
1488.396
1351.6044999999997
1212.3893
562.6118
1027.6558
1854.1547
1509.8831
1778.2774
911.9324999999999
976.9623999999999
1445.0865
1108.4587
1398.9216000000001
1171.3552
931.8522
1326.2372
1319.1273
1716.5413999999998
982.5029999999999
1318.2568999999999
611.5849999999999
878.5836999999999
1655.3412999999998
1341.4955
1701.6012
1303.2827000000002
1811.6770999999999
1436.4316000000001
1795.3914
2203.6411
1252.0901
1749.5054999999998
1766.9147
1707.0042
1065.7160999999999
1247.553
1785.9605999999999
486.0847999999999
2004.6792
1888.4197
1194.6918
1530.2568
1138.0353
1605.4035
1256.8482999999999
1396.3228
1668.1344
1348.9166
942.5822
1766.7635999999998
1570.5916999999997
1830.8585999999998
802.3532
1217.0295999999998
1759.4566
765.8411
1585.9062
1723.8743
1162.1302
1113.2626
1730.7588
1484.2622999999999
1057.9444
1890.0141
1196.4022
974.7797999999999
1409.4571
1887.8305
1083.0853
1144.7299
2168.5215
1364.3591999999999
1133.479
1938.5051999999998
1671.4718999999998
1413.4712
906.492
1493.0262
1064.8647
960.8254
1375.9182999999998
1191.9788
624.6205
1674.4296
638.8379
1688.7246
1427.6263000000001
1516.0663
1693.5288999999998
1631.4101999999998
1508.8274999999999
1443.7777999999998
634.2126
974.2998
1395.2714
1918.4186999999997
1208.1581999999999
1655.741
1680.6457999999998
1724.1010999999999
1167.6896000000002
1367.0581
1273.5491
1583.2799
600.2193
1969.9932000000001
1191.6656
1007.1448
873.8158
896.1810999999999
2127.3206999999998
1193.6635
1221.6297
1840.7116999999998
2113.1575000000003
1170.623
1831.9412
1562.1973
1054.5836
1611.1299
1394.478
1749.6942
1625.6394
1637.6349
1853.9517999999998
1461.6571000000001
1498.181
1016.4269999999999
1088.5562
1862.8407
1725.1486
1702.5676
1023.4832
1794.608
1210.2673
1375.8552
1617.5135
1351.0010000000002
1666.8482
1113.7692
1251.6617
1235.5113000000001
2300.9854
1169.075
1888.0380999999998
1518.435
1472.1888
1879.1443
1293.4218
1213.978
1308.4986999999999
1539.7734
1746.4362
970.5376
1055.1576
1446.0405999999998
1218.7743
1912.0701
1602.5914
1090.5698
948.3443
995.7857
1159.4816
2224.5219
1572.201
1002.2403999999999
2139.8129
1692.1638
1701.1095
2290.1937
1722.7350999999999
1750.3253
1684.5638
1600.9154999999998
1052.5056
758.1915
1489.8148
1879.4526999999998
1708.0501
1402.0066
1981.6219999999998
1528.2808
1904.6355999999998
1318.9421
1186.6600999999998
1082.5237
1694.1247999999998
1577.4435
1564.8555999999999
1199.7804
1684.7408999999998
1495.6535
1030.9451999999999
2286.1787999999997
1377.8069
2067.9595
1907.5950999999998
1076.5815
901.2609
1405.1626
1897.4799
1605.8109
1523.9875
981.4073000000001
1911.9299999999998
1739.6988000000001
1779.1743000000001
1586.6942999999999
1570.9380999999998
2134.3247
651.4463
764.2927000000001
1551.0732999999998
1073.7275
1499.3064
1218.9321
2087.102
917.5641999999999
1266.9128
1363.4476
1059.6236
1705.4452999999999
1573.4514
1273.7883000000002
1081.1493
1523.3953999999999
1640.6410999999998
1480.648
1132.7858
2040.4105
1381.2858
1485.4215
1186.5178
1309.6864
1614.8150999999998
1423.0772
1256.8115
614.4567
916.8944000000001
1345.0271
972.3792
1566.8386
1544.8816
1371.5925
1979.3584999999998
1908.4663
1951.707
1672.8168999999998
1823.6779999999999
1510.3242999999998
1765.937
1480.6536
1723.8822999999998
2084.0688
2309.4182
1478.8220999999999
1981.0627
1426.1697
1744.2364000000002
1973.8521
1223.3446999999999
1004.3002
1842.9139999999998
1598.5423999999998
1491.2345
1008.0547
1431.6214999999997
2112.7595
1729.5855000000001
1926.5227
1427.4110999999998
1948.8238999999999
968.0911
1499.1564
770.8464
1109.9002
1712.4933
851.6529
1207.4422
1818.3060999999998
1905.714
1998.7729999999997
1522.6927
1268.6005
1106.6163
1306.5921999999998
2399.2239
1779.7035999999998
1415.371
1872.7079
1300.0374
1129.7287
1505.6198
1238.3317
1354.7307
1283.1995999999997
1632.9433
2052.6609
1931.1314000000002
1789.7827999999997
1530.8662
972.2234
2181.4635
1126.2739
1752.9053
1234.9275
1677.2925
936.2043
1071.8618999999999
1149.9076
1381.136
1180.6365
1834.1841
918.6587
1486.6201999999998
1881.8415
1450.2349
2117.6387
1705.3865999999998
606.8055999999999
1200.8894
932.0831000000001
1399.339
1832.3366
940.1041
1886.7502
1708.4795
940.6174000000001
1325.5446000000002
2224.9054
2136.6075
1428.0466
1436.0850999999998
630.9990999999999
934.4580000000001
1156.2902
1598.6669000000002
1389.0582
1421.3235
1662.3247999999999
1588.8153
1293.7325999999998
1712.0531
789.5694
1649.0539999999999
1810.9092
1913.0013999999996
1764.3139
1930.1718999999998
1463.2639
1025.916
959.7945
1534.6835999999998
931.633
1330.3199
1367.8465
1904.2804
954.5862999999999
1686.1043
1839.2869
932.852
1844.2311
984.4558000000001
1207.5962
1555.1262
1402.7364
1964.5044
1800.4526
1816.7651999999998
1152.8002999999999
1501.8242
1167.9307
1157.8254
1439.4688999999998
1286.7420999999997
1830.5454
1605.7498
1155.603
931.8123
1460.6398000000002
1021.9195
1727.8813999999998
1064.8443
1064.9962
1487.7629
1400.2622000000001
906.092
1066.8169
1515.7616
1023.7129
812.1088
829.9830999999999
582.6445
1223.0254
2050.3607999999995
857.2059999999999
1749.0606
1653.9018999999996
1535.0243
1852.8749
1722.5034
1742.1379
953.6038
1391.6987
1887.9135999999999
1314.8252
1638.8986
1304.4897
1419.4468
1632.7867
1288.998
1160.5919999999999
1189.1879
1802.1291999999999
1420.6601999999998
1709.4904000000001
1265.4770999999998
1978.8641
813.4462
879.7878
1133.1856
1843.6374999999998
1134.1983
1146.8419
1108.6314
1042.0686999999998
1479.0982
904.3668
945.7034000000001
528.9191999999999
1369.2612
1171.1561
966.1188
1966.3922
1090.4601
1779.488
1165.6366
1820.6009
1877.8881999999999
1704.0594
1068.6522
1781.0942
1501.9078
1920.3595
927.2134
1223.5956
980.1812
1604.3988999999997
868.2265
1255.3807
1447.2563
1579.1858
1952.9800999999998
1201.0747
1129.0404
1689.8354
1740.8346000000001
2412.0043
1702.5749999999998
1520.911
1910.2404000000001
1441.2001
906.2878
1789.9945
1091.5495
2095.0281999999997
859.8443
500.7258
941.8723
1077.2697
1486.2676
2075.1432999999997
1012.9800999999999
1189.4858
1524.4635999999998
996.3911999999999
1402.5514
1629.0564
1509.9077
1571.4319
2347.072
887.2229999999998
1461.6596
846.6359
2162.0642000000003
1232.5858999999998
1335.5605
956.4792
1766.2774
1149.7051999999999
1163.8782
2182.6396
1439.9069
1291.7386
1751.8121
1569.8314
1462.0264000000002
2156.1889
1465.4553999999998
1237.3813
1657.2997
1320.5663
1395.4142
1297.434
1552.7511999999997
1137.0358
1481.5401
1405.1884
1703.8145999999997
1775.1458000000002
2007.5665
1941.9566
780.7883999999999
1326.0356000000002
1421.0428000000002
1248.0024
766.3286999999999
976.9474
1156.8591000000001
1874.1394
1243.5262
1452.1943
2119.0362999999998
954.6234
1439.6617999999999
1802.2272
1631.2242
756.8437
884.5274
1829.0173
1797.7510000000002
732.6902
938.8276
2029.4942999999998
1859.6349
1556.4950000000001
1740.5551
1253.7018
796.1560999999999
1816.3386999999998
1293.5273
1294.7758999999999
1895.6662
1178.3266
2093.2010999999998
982.0618
1945.9303
1559.4557
1736.9194000000002
1815.9458999999997
1007.0579999999999
1460.886
1061.7564
1723.4647999999997
1946.7959
1234.3737
1479.1120999999998
1440.7752
1494.7269999999999
865.3182999999999
783.6848
1146.8212
1689.2504
2095.1054
1128.9486000000002
1846.2973
1403.4846
1358.1538999999998
1311.7767
1390.0716
1131.3811
1049.0092
1869.993
2199.3246
1096.0911999999998
988.7759
1186.5774
1347.4966
2171.7054
873.4097
1973.3009
1394.1208
1933.2212999999997
1381.5172
1819.8377
949.775
1645.7112
1280.7367
1220.5883999999999
1317.1612
881.1792999999999
976.0108
1812.4496
1274.1234
2059.0011
1339.4047
1478.7095
1510.8725
1484.8688
1470.9884000000002
1379.5246
2059.8375
1701.6126
1388.8054
1231.1606
1008.935
1991.4864
1759.1163000000001
1405.1693
813.4695
1183.7716
2051.9696
1343.1838
1777.425
2090.8158999999996
994.3548
1252.7644
1885.5441999999998
1684.4649
1148.7459999999999
1832.5005999999998
844.5486
1691.9837
1513.3017
1587.4786
1358.6191999999999
845.1508
1052.5518000000002
1570.0432
792.2085
1677.5641
1489.3710999999998
1591.875
1636.7455
1134.2738
2321.2511
1797.9123
1678.2017999999998
1565.7590999999998
552.4748999999999
1115.5369
1218.1389
1555.8076999999998
1612.3952
659.8532
1343.6564
1275.6608999999999
1473.249
1928.6048
1291.8091000000002
1967.7001999999998
1888.3622999999998
1150.3975
1581.1925
1822.7233999999999
1408.0835
1528.4344
1218.6052
1154.5060999999998
2285.0553999999997
1640.2730999999999
1314.9014
1310.5555
1588.6790999999998
1355.6183999999998
980.6910999999999
1364.6927
1847.7106
1035.8711
1220.8621
1418.5082
1586.0799
1368.9752
1004.7883999999999
892.8671
1725.9373999999998
1855.7684
1371.4484
1236.5234
2186.3066
1476.6161000000002
1896.4328999999998
879.1252
1379.0027
847.9598999999998
1098.4077
1327.6893
1047.4115
966.8143999999999
1291.5627
784.2333
1763.8091999999997
1165.2836000000002
1348.3427
1681.3356999999999
1265.4271
1591.2582000000002
1333.5656999999999
1173.4425
1384.1767
1568.5805
1510.8069999999998
1433.5934
1042.8022999999998
853.6917
1129.5687
648.1287
2162.3382
1543.8942
1138.5914
1364.3618
541.9753000000001
1247.8374
1442.1178
1108.2626
1306.7152
1915.0230999999999
1142.4687
1255.5666
1310.7979
2011.2795
1634.8529999999998
1427.6082
1501.3726000000001
1033.3415
2112.7869
1629.9777
1453.8876
1547.3174
1511.4621
830.9653999999999
1415.8582999999999
1299.8364
1115.9934
2311.2648999999997
1673.0807
1886.2500999999997
1298.156
1505.3653
926.9558
996.7965999999999
1867.7395
1358.955
1439.0509
675.1108999999999
1179.2325
1600.1562
1087.2260999999999
1607.444
1533.8324
1710.5054
447.3359
1553.1522
2257.8467
1867.7329999999997
1067.5121
1275.8937
1476.5956999999999
1779.378
1957.77
1879.2504
1327.3356999999999
1372.681
877.5843
1364.8335
1216.2475
962.4851
1457.6069
428.9211
1668.3685999999998
942.9106999999999
1014.8291999999999
1767.551
1296.9394
1749.871
1337.3508
1750.6048999999998
1892.5249000000001
958.2293999999999
1803.6758
1510.1093
1789.2471
808.3977
746.5151999999998
1605.7561999999998
1896.8913000000002
1610.6245
735.9151999999999
1939.3138
1876.6601999999998
999.4964
1210.2517
869.4826999999999
1555.9128999999998
2059.4641
1609.4022999999997
1983.1979999999999
1880.0065
1528.5244
714.5841999999999
1032.1897
1616.8354
2134.4748
1548.2349
1905.6649000000002
836.5362
1595.0574000000001
1448.4425
2214.3746
1247.1284
1196.1749
1835.5232999999998
1760.8310999999999
883.0958
1643.5010000000002
1530.0667999999998
1688.1768
1504.8865
1124.8832
1195.4076
1375.1023
1961.9371999999998
868.2589
1129.5964
2036.5633
1728.3766
784.8251
1381.7978
1284.1784
1699.7374
1585.8447
2193.2201999999997
1407.1433000000002
836.0709999999999
1553.2841999999998
1543.6833
1794.4611
1118.3243
1493.5039000000002
1170.1978
1206.7237
1202.3222
1375.3842
1990.3429999999998
1488.6100000000001
972.2365
1661.0866999999998
1428.5889000000002
1066.3359999999998
1432.6362
2188.978
1768.8777
1440.8177999999998
1508.4081999999999
1410.7531
1885.5596
1558.0893
1938.479
1986.0234999999998
1317.7288999999998
1599.1147999999998
1395.9261999999999
1126.8287
1734.7991000000002
1926.6834999999999
2128.1801
1359.8395
1590.7655
1631.6254
732.4547
1414.4899999999998
943.4844999999999
1472.1106
1702.1028
1799.0097
1417.8469
732.9377999999999
1238.9807
1478.929
1711.6372000000001
1367.3156
2009.3733
2031.5540999999998
1071.7205000000001
1754.3179
716.4244000000001
1487.9789
1122.6453999999999
1309.5674
1276.9077
944.2727
1699.4526999999998
1440.7092
1272.0751
726.2117
1467.798
1179.5888
1239.58
1789.3216
1959.8213
1273.2237
1752.0882
1563.7686999999999
1334.0189
1261.4996
1158.315
1298.8484
1178.1318999999999
1798.0816
816.3941
1103.767
1561.9664
809.6979999999999
1716.1407
1584.0346
1361.7047000000002
1232.7750999999998
1894.3459
1489.5505
2198.2766
2085.581
983.3808
1716.2738
1089.9087
811.1873
1408.8532
992.8680999999999
2002.9237
2115.7565999999997
1609.5783000000001
1413.4754
1747.8652
559.5503
1964.7599
1115.9580999999998
1351.3084
1617.5303999999999
1188.2244999999998
1047.2874
1927.0720999999999
1056.8939
1434.8884999999998
1580.1978
875.7982
1615.8834
899.9913999999999
785.1474999999999
1483.7693
1391.5564
1247.5462
1841.0110999999997
1366.3383000000001
1132.5961
1941.7735000000002
1443.4062
1582.0185999999999
1592.7734
1407.2638000000002
1346.5542
842.4921999999999
1599.079
1941.9975999999997
842.065
818.2765999999999
1079.0611
1702.8147
2275.6594
1177.9643
1864.3842
1457.0101
1265.4291999999998
1977.8663999999999
982.4868999999999
1940.721
1032.1513
1279.2117
1276.2093
1041.26
1637.926
1123.3107
1237.0888000000002
2065.7544
1452.8231999999998
1168.3084000000001
1707.1607
1912.2944999999997
1525.7404000000001
1386.1716
1220.0720000000001
927.7707999999999
1073.826
1690.1057
1394.3139
1883.1668
1433.9828
1266.2085000000002
1310.6349
840.0604
1987.0765
1402.796
1032.4016000000001
1572.8095
2245.9462
2188.1903
904.147
1547.7564
1501.4398
863.6867
589.6225
1511.3641
1216.7886
1108.929
1197.7178
924.9903999999999
1820.8941
1711.5173
1253.1855999999998
1979.5267
1497.9721
1147.7924
1005.2824999999999
1390.902
1052.3151
1211.1202999999998
1444.2178
1002.3841
1040.6628999999998
816.8341
1238.1414999999997
1984.4234000000001
2008.5036999999998
1652.1177
2122.5558
1226.2534
1684.4929000000002
1382.4111999999998
964.3634
1167.1308000000001
1686.6363999999999
932.8819000000001
1742.3041
1397.0412
1903.0536000000002
1288.9323
1230.3438
1178.6406
1743.2446999999997
1040.5695999999998
997.1354999999999
1487.0146
1328.2114000000001
1007.4473999999999
1084.5505
1126.1798999999999
1365.1486999999997
1431.8547999999998
1397.2673
1295.4325999999999
2103.4033
1362.7999
1747.9017
491.7587
556.4666
1615.7902
1570.1246
1019.0457
1831.2124
959.0683999999999
1274.6880999999998
830.3137
1545.2037
1323.8623
2117.9069
908.1307999999999
1475.9522
1361.0555
771.8903
1992.8604
1272.4378
698.1994
1294.7414999999999
1668.2371
1850.7094
1129.7246
1771.9508999999998
1211.8107
705.0029999999999
1962.5809
2017.8816
1580.1996
1567.7209
1187.6944
2070.7246999999998
1112.7644
1764.3688
1117.9865
1174.1405
1055.2080999999998
1255.9817999999998
1561.0235
1442.5874
1094.8025
1583.5855999999999
729.4558
835.0935999999999
1440.5583000000001
1232.0755
1657.0154
1802.2406
1537.4355
982.3969
1290.787
1169.1431999999998
1036.4187
1570.3562
841.8601000000001
1277.4424000000001
1536.1230999999998
1465.1987
1296.7805
1771.6188
819.8033
1049.5261999999998
1851.6787
1456.3667
1637.7959999999998
926.9381999999998
949.017
1995.0608000000002
1241.3038999999999
1507.4418
1639.9664
1606.5886
1130.857
450.5535
2162.1295
1462.2948
1545.3554000000001
1244.2026999999998
1445.2179999999998
1336.2516999999998
1971.6448999999998
1607.1100000000001
2056.4192000000003
1595.0966
1610.6351
940.6054999999999
1821.9316
1740.6848
1248.9446
1576.3017
2151.0855
1819.1907
1320.8143
1770.8422
1856.3647
866.5092999999999
1694.864
1134.2804999999998
965.9135
860.6705999999999
1483.2492999999997
1929.9699999999998
1114.7082
671.2011
1510.2159000000001
817.3976
1754.4021
1510.2737
1203.9903
1529.9721
1606.0274
1391.5355
1140.2797
2072.7834
1353.3806
1226.9924999999998
1225.7399
1401.9056
1629.7600000000002
1455.5014
907.6460999999999
1061.089
1062.5615
2020.5333999999998
1115.5205
1388.1902999999998
1234.4443999999999
2131.8421
1566.28
1334.8149999999998
1993.9884
1373.8759
1971.9711
1429.1367
1298.0676
1384.3201
1859.5267000000001
1267.4567
781.7555
1599.1948
1204.2924
869.7203
2023.2536
1144.3156
1811.7125999999998
1137.6146999999999
1592.5541
1062.9891
2139.2918
1704.5967
2183.8882000000003
1550.0565
1562.1916999999999
1583.2360999999999
820.0856
1512.7896
829.2013999999999
1433.7505
1191.8346
1294.7280999999998
898.4028000000001
1665.758
1683.5017
1469.545
1240.4403
1068.9958
1424.5265
1990.7445
1915.9586
777.5646
947.7810000000001
906.9581
1555.4349
1374.3345
1517.5214999999998
1463.8224
1321.2929
507.9366
1574.6219
1641.5937999999999
1180.5117999999998
1457.9608
1039.0271
1663.6774999999998
1438.5849
1235.493
820.0829
2172.5896000000002
1227.8455
1577.7334
1762.0533
1429.7316
1890.5025999999998
1313.1859
1481.5638
2175.0038
614.8405
1074.1522
519.358
1550.4629
940.5736999999999
1035.1042
1942.8928999999998
1496.3980999999999
989.2721999999999
1170.8528999999999
1372.929
1843.4497
1956.5384999999999
523.0768999999999
1783.9495000000002
1146.6484
2276.5064
1055.3167
1831.6021
1565.7226
2042.1272999999997
1540.7694000000001
1564.7089
1096.4398
1647.3139
779.7388
1596.9308999999998
1557.0759
1152.6694
1184.2714999999998
1409.6799
1492.9942
1639.7134999999998
474.85269999999997
1755.299
1786.9727
1258.8281
1112.1320999999998
798.2486
1614.7755
1206.8013999999998
1229.2354
1357.9717999999998
1197.5059999999999
1328.0614
1188.4222
988.6687000000001
1637.7897
1518.7977
1235.2220000000002
1373.0121
1241.8643000000002
1846.2674
1748.814
1208.1285
1111.8763
760.7428
1687.1523000000002
989.8237999999999
877.8735999999999
1397.4333
1058.7932
1704.1032999999998
1450.4101999999998
919.0359999999998
1602.0031999999999
1056.9378
2029.4501
1066.2455
1236.5129
1108.9829
863.7456999999999
1398.4366
1435.9991999999997
1233.3483
2189.1782999999996
1052.8744
1100.9268
1161.5466999999999
1496.7665
738.0332999999999
1451.1871
1437.4391999999998
1085.8763
1891.8166999999999
2309.2982
935.0894000000001
1255.8244
1011.3161
1706.8247999999999
1594.2379999999998
1257.8527
1347.4950000000001
767.2359999999999
1776.9859
1315.654
1517.13
1296.3287999999998
1048.9202
2068.2398
1361.9821
1710.2824
1099.69
1545.2278000000001
1719.748
1424.7349
1170.6414
1014.2833999999999
1361.5562
1179.0003000000002
1546.9660999999999
1179.7437
837.4278999999999
1585.7553
1124.9057
1512.6709
1165.5816
1445.3314
1916.3818999999999
1784.0011
999.3021
1806.6059
1115.6896
1428.3037
1155.1983
1556.1728
1316.4824999999998
1264.3245
1653.6127999999999
1487.0883
1465.841
837.8956000000001
1029.3545
1704.41
1783.9505
1550.1736999999998
1490.1313999999998
2026.12
1587.1538999999998
1540.9532000000002
1630.72
1339.65
1538.1077
1631.9939
1764.3509
1320.7314
1515.5538000000001
1526.8395
1128.7483
842.588
971.5220999999999
2064.1723
1093.0324999999998
1638.9852999999998
1718.7421
2040.9860999999999
1331.2839
982.7112
1371.3371
2318.1589999999997
486.7441
1233.5653
1188.7021
1710.1732
1427.9564
1159.7091
1233.3588
914.7867999999999
719.3525
1125.2941999999998
1486.7725999999998
2088.9201000000003
1516.4614
2036.2335
1307.4222
1541.0445
1579.3640999999998
1809.3629
1000.3539999999999
1621.3373000000001
647.2408
1030.8192999999999
1222.8461
1306.6958
1052.1294
1743.9128
1207.24
1376.3980000000001
1528.654
1564.3728999999998
1583.8813
1408.1417
1566.7927
1116.1826999999998
1570.8986999999997
1841.9555
1753.0848
830.0369000000001
1005.2056
1653.4535999999998
1213.5422
1188.5598
771.7054
956.3926999999999
1333.8216
1625.3214999999998
1005.9024999999999
919.6531
1000.2259
1835.2808999999997
1396.4407
1144.3173
982.5106999999999
1852.8716
1362.748
1666.4103
1840.0199
1636.0348999999999
1061.8225
787.5752
1434.6996
1021.3789999999998
908.4168999999999
1497.669
2153.0211
1339.8057999999999
2126.1585999999998
1157.8685
1353.1562999999999
1053.7763
1040.8826999999999
1097.9854
1022.5309
1499.3262
1551.0415999999998
1046.6954
1288.9198000000001
2242.0151
1200.2063
1116.8267
1895.7992
1510.5395
2227.7358999999997
1371.5964999999999
986.9012
1380.9644
1513.8541999999998
1137.26
1203.413
1432.8555000000001
978.6758
715.2394999999999
1912.5119
1497.5650999999998
892.6962000000001
994.6439
1298.1441
1045.3890999999999
1449.1979999999999
1311.6461
1011.7314
1275.3287999999998
1983.3444
1769.9247
1472.8656
1730.3114999999998
1191.7246
1173.1751
1483.8694
2095.3768
1757.4714
1541.9066
1763.1275
1543.5868
1920.8453
1305.3138
1467.3982
1204.2295
1140.4889
1990.8395
1280.0264
1129.9134
1491.2773
842.7265
1457.2297
1220.0988
1099.9198000000001
999.1325999999999
1903.0878
1377.6994
1547.279
1815.9439000000002
1469.4724999999999
1296.607
970.2735
1334.8854999999999
1122.2164
1343.7049000000002
1588.1582
1002.7975
1063.603
1543.7664
828.3802999999999
1452.7112
1119.4713
1752.7734
2022.991
1132.7711
1328.5613
807.9165
1594.2096
680.9843
1113.2186
881.8824999999999
1305.6993
1706.3923
1570.915
1799.8971
1357.8634
1855.2560999999998
862.7238
934.1935
2099.6516
1389.7487
1310.871
1193.8505
1642.2923999999998
1117.3809
1917.2214999999999
1583.2362999999998
893.1351
1558.0994
2194.3464
1790.5301000000002
1730.2273
1291.4913000000001
881.9503
1402.9322
1127.5921
1332.5202
1487.7204000000002
1015.7178999999999
787.7973
1905.5341
1460.6408999999999
878.3922999999999
1163.1606
1604.6757
1024.8068
1573.8833
1819.2145
1059.2948000000001
826.0142999999999
1347.7685999999999
1403.5309
801.9775000000001
762.4802
657.9356999999999
1686.5347
1786.3323999999998
1325.8843
1788.9521
1067.6102
1729.0179999999998
1625.6404
1169.8533
1479.0268
2006.647
1487.366
1419.7968999999998
1454.2528
1004.8574999999998
865.1143
1614.0036
1648.1745
1589.7324
1826.2169
1151.1407
1598.5853
1722.8278999999998
1517.1707000000001
2225.3896
1619.4376
1606.4846
1439.1998
2014.6955999999998
2034.2957999999999
1138.3887
964.7643
775.4327
2007.3178
1140.7730999999999
1504.6214
2001.8903999999998
1680.9131
1190.3517
1445.6504
1312.9601
1283.8236000000002
893.9866
1243.2951
1661.2132000000001
974.5183000000001
1707.4687
1207.3336
1888.7226
1308.2898
1009.808
1098.2014
1369.0836
1367.3058999999998
1595.7938
1706.5526
1185.9025
1614.1868
1408.5506
1390.6761999999999
1373.7907
1755.3455
1045.7933
2068.8351000000002
1545.8615
1900.1029
668.4291
743.356
2213.5865
1126.5783
909.4173999999999
1457.7903000000001
1169.5567999999998
1773.1401
1570.5411
1306.8726000000001
1573.8914
1508.4985000000001
1505.232
2123.4312
1743.6804
1399.875
1372.8058999999998
1528.2143
1628.6671000000001
1119.7242
1070.6581999999999
1588.8524
1210.2430000000002
1065.7735
1326.2336999999998
1885.2332999999999
1055.732
1593.4902
2018.8439999999998
665.1995
812.7538999999999
1671.3563
1157.6585
1192.2301
1647.1083999999998
1531.9949000000001
1132.8388
1020.1773000000001
1855.4487
1238.0342999999998
1070.1515
1785.5055
1394.4203
1803.9965
1260.2538
1594.6533
1212.8971999999999
1368.109
1820.4832000000001
2031.3156
1780.0021
1025.512
802.9936
1142.3655
1633.3692999999998
964.2004000000001
910.051
1740.7377999999999
1069.7929
2147.2174999999997
1337.0174
1643.8285
2154.3446999999996
1540.1426999999999
1142.5384
1602.7464
1621.7622999999999
1251.1123
1014.6473
726.8804
1139.2800000000002
1660.5411999999997
1622.2383
822.1415999999999
1451.6336
1223.3374999999999
1546.7077
1530.3206
1894.9659000000001
2164.1585
1765.7019
1396.8462
2060.0528
1016.9576
908.3747
686.8302999999999
1749.8082
1470.2329
1145.0257
1587.6994
1353.3817
1812.4739
1877.9095
1804.3731
1226.9637
1431.9294
1279.9529
1622.3897
1724.4744999999998
1933.2395
1054.7228
996.4503
1430.3892999999998
1334.7449000000001
1235.6547999999998
1395.8068
1660.6012
1859.1199000000001
1243.5366999999999
1186.7162999999998
1307.0202
645.5435
1601.3341
1660.225
1405.1138
1122.3337
1090.2694
1268.0359999999998
1523.8847
1091.0872
675.2098000000001
1558.3571000000002
1023.5803
1839.3697
1106.3924
1695.6928
1109.4310999999998
1522.2476
2106.4197
1624.7817
1482.5295
1803.6100000000001
1120.524
1488.6562
630.0055
1209.998
2095.2540999999997
1077.5074
1338.7794
1172.615
1575.0667
544.4137000000001
1574.1532000000002
1669.2078999999999
1094.2401
2236.6086999999998
2022.3216
583.0956
1539.0692
568.7330999999999
1386.1282999999999
1536.3071
1799.7370999999998
1201.8625
1988.6972
1752.7905999999998
649.6306000000001
440.0406
1360.4859
1138.9084
1277.5747
1414.8159
886.7712999999999
1575.4966
988.0310999999999
1845.1149
1495.7614
1000.1644
842.9554999999999
1046.968
1467.826
1663.5427999999997
827.4875999999999
1715.0365
1497.2341999999999
1239.1691999999998
777.0083000000001
919.5822
1480.754
1382.0898
1210.0697999999998
1164.1593
1016.2719999999999
1694.6077
752.9179
1337.8473
1727.6079
1707.2885999999999
1661.1114000000002
1539.527
1286.9638
892.6328
2031.2678999999998
802.0558999999998
1391.3571000000002
1295.2821
1349.7091999999998
1332.1829
1168.9006
1485.8973
1349.7872
1301.1779999999999
1383.9422
1768.0279
2184.4649999999997
1677.4316000000001
935.9199
1829.4673
1129.0139
1268.2464
1925.7251999999999
1519.7922
1710.7504
1010.1011
1046.5882
1302.6728
1579.8215
1210.9103
1661.5893999999998
1864.8839
970.3677
1372.5833
1502.3088
1955.9033
962.1406999999999
1119.3676
940.2103999999999
1156.3017
2065.0314
1059.3982
1807.7617999999998
1288.2615999999998
1201.9278
743.1726
1687.8529999999998
1000.6797999999999
1619.7489
868.0478999999999
1153.0492000000002
1254.3099
1095.9435
1528.6653000000001
1800.4762
1013.7353999999999
1529.0929999999998
934.2088999999999
744.5182000000001
1564.2961
1203.5055
864.3297
1495.3091
1905.5814
1217.7082999999998
1625.6904
1325.6821
1119.4847999999997
1464.5816
1524.6745
1220.489
1264.3075999999999
1361.3342
603.4456
901.4975999999999
1659.6225
1327.8164000000002
1191.3091
1090.9718
1466.3607999999997
959.8072999999999
1045.1662
1544.2677
986.2729999999999
1154.0256
1263.3104
1532.4270000000001
1560.1689000000001
1161.0525
1675.3826000000001
1529.1761999999999
1661.6158
1286.9994000000002
2216.9024
1217.4447
1518.6644999999999
2272.3797999999997
1124.8138
1513.5955
1220.3043
1565.8005
1369.4876
1096.1213
1478.1958
1222.4614
1947.1191
1820.1331
1909.6277
1866.8182000000002
1669.6527
1275.4261
1738.8629999999998
1657.2111
1355.322
1308.2286
1090.6171
1616.5619000000002
2326.4213
1635.7912
1808.4051
1144.613
804.0678
1380.8541
1484.9197
1524.6731
1765.1234
749.0437999999999
1245.4007000000001
727.3985
1312.3525
1736.7124
1202.5995
1570.4117
1159.6427999999999
950.2041999999999
1675.0868
1445.8352
1472.5511
1371.3793
1222.7096
2184.8197
1780.8192000000001
744.7388
1287.6107
1526.8172
1013.6564000000001
1501.5551999999998
1525.0329
1470.5403000000001
1264.0522
798.7952
722.1261
2093.3451999999997
1084.7233999999999
1824.9442000000001
1956.4766
1641.1232
1636.2416
1936.221
1051.4919
1081.1978
1467.4718
1123.812
1417.663
860.6375
1656.5582
1715.5691000000002
1224.3934
567.1884
1204.5501000000002
1313.9425999999999
1344.8781
1256.0067
1789.1082000000001
941.7201
780.0402999999999
1148.5785
1124.1717999999998
1901.0906
1567.3941
904.1853000000001
1761.2233999999999
1626.7403
1647.4953
1357.7550999999999
966.0194999999999
811.559
1366.8899000000001
1512.4318999999998
2045.083
537.3561
1855.1823
1563.9691
1867.6175
1412.3062
1998.3507
1159.2579999999998
847.0411
1792.7817
1545.4816999999998
1720.3244
1727.5243
996.378
1427.8845999999999
1186.6273999999999
727.4489
1857.1868
1149.1321
1115.7685
1646.6469
1156.697
1054.6660000000002
1559.5709
2335.8568
1460.7959999999998
769.2168999999999
1193.7972
1124.5063
1392.0767
1602.2068
1354.8502
1667.2612
1229.0581
1678.1173000000001
1842.871
1639.0077
1200.6604
1389.5583000000001
1989.6778999999997
1172.973
1404.8496
1490.3897
1123.9786
1179.4361
1338.7723999999998
894.723
1528.9738000000002
969.2751
1244.1246999999998
1107.3613
1230.5182
1373.2408999999998
1015.4332
1203.492
2021.7453999999998
935.226
1901.9277
1206.71
1249.8103
1075.649
1523.1099
2285.3776000000003
1289.7979
1556.3028
1161.3875
1117.2884
999.9752
1734.2383
1313.9851
1833.5983999999999
1457.0919999999999
1637.4989
899.8088
1380.4591
1471.4375
1697.1224
1129.2671
1470.5263999999997
1387.7796
955.3895
1665.0640999999998
1685.2962
1668.2763
1517.0744
1602.4319
1198.1908
1867.2451999999998
592.3534
1205.2122
1072.3953000000001
1398.0849
891.5288
1819.8286
1211.2462
1291.1287
1117.664
1612.022
950.9771000000001
345.3374
972.3584
1287.8917999999999
1793.2986999999998
1984.1680999999999
1971.8795
1676.1558
1759.3645999999999
979.1392000000001
1396.8472
1016.2205999999999
1309.5136
1532.2848999999999
960.8743
987.9519999999999
1807.4922
1304.5175
864.2908
1308.9275
1658.0025999999998
1508.5012
1810.2298999999998
1762.213
1341.9386
1980.6501999999998
1827.1432999999997
1494.9522
1943.2847
1482.1126
1335.8921
731.1048000000001
1019.6427999999999
767.8424
1921.9538000000002
1644.2017999999998
1546.589
1355.6366
1372.4318999999998
1070.5781000000002
1151.0359
937.2984
1617.2256
1717.5884999999998
1326.8054
2083.9824
1415.6269
1250.3859
1619.7639
1015.5351999999999
1292.4766
922.1781
1528.242
1215.1113
1124.9532
1015.3918000000001
1842.8851000000002
1597.966
1537.7856
1438.8125999999997
812.2959999999998
1771.9974
1004.9326999999998
1202.8089
1426.3430999999998
1133.6537
1238.3403
1449.9782
1204.1047
1187.8766
1104.4584
2122.9521
1768.2954
1067.6069999999997
1842.4335999999998
1393.9937
1583.188
783.4934000000001
1650.5153999999998
1532.5432
665.0754999999999
1221.5902
1503.8961
485.61899999999997
1309.1498
1282.6223
1357.529
1504.317
1485.892
1270.2039
1539.7736
1873.8962
744.5232000000001
1682.7480999999998
803.9973
1424.1523
1334.3087
1281.9243999999999
2016.0461
1712.4266
1590.6702
1587.9986
1447.4508
2067.2010999999998
1182.5581
1694.1450999999997
1196.2395
1318.4035
1326.1672
1818.4513000000002
556.9245
955.7409
1051.0763
1090.8836999999999
1971.6417999999999
875.0832999999999
1223.1174999999998
2108.9976
1239.1095
1387.8604
627.1453
1302.7217999999998
1204.2962
1141.2161
988.4229
855.6370999999999
1552.1864
1374.3394999999998
2329.2717
1413.2537000000002
1968.7493
978.2496
1423.9433999999999
1598.3998
1675.3575
1402.8743
1848.3858999999998
1056.9569
1229.9161
1338.9705
1199.8454000000002
2310.1002
1606.4535999999998
1653.0133
1053.2427
1520.4821000000002
946.7010999999999
1267.9414
966.0278
1617.4533999999999
1492.0468
1345.5131999999999
1297.542
1605.5528
2041.4326999999998
1728.4463
488.0211
1486.3931
1688.9528
1331.3011000000001
931.6851999999999
1378.1897999999999
1250.4808
1525.5531
983.1272
2241.303
1445.3977
1317.5726
1579.3563000000001
1951.1334000000002
1482.7557
1154.2712999999999
1636.1016
1408.2565
1151.915
556.2328
1724.4903
1745.0151999999998
1302.5242
1273.7214
2097.689
837.4600999999999
631.2357
765.8496
1900.1815
1094.3815
